m_heightField:
  m_assetHandle: 3586719103732574359
  m_assetTypeName: HeightField
m_soilParameters:
  m_voxelResolution: [256, 64, 256]
  m_deltaX: 0.100000001
  m_deltaTime: 0.00100000005
  m_boundingBoxMin: [-12.8000002, -4.80000019, -12.8000002]
  m_boundary_x: 3
  m_boundary_y: 3
  m_boundary_z: 3
  m_diffusionForce: 1
  m_gravityForce: [0, -1, 0]
m_soilLayerDescriptors:
  []