m_offset: [0, 0, 0]
m_pointSize: 0.00999999978
m_compressFactor: 0.00999999978
m_min: [0, 0, 0]
m_max: [0, 0, 0]